{
    "camera_angle_x": 0.9739,
    "frames": [
        {
            "file_path": "./train/image_0001",
            "rotation": 0.012566370614359171,
            "transform_matrix": [
                [
                    0.9862584702727053,
                    -0.13960618679294753,
                    0.08834218938013692,
                    0.214786557491926
                ],
                [
                    0.140033897973286,
                    0.9901457649533758,
                    0.0013680509133604767,
                    -1.6134573810788513
                ],
                [
                    -0.08766263305280454,
                    0.011021649333328724,
                    0.9960892460077171,
                    0.6567122449318652
                ],
                [
                    0.0,
                    0.0,
                    0.0,
                    1.0
                ]
            ]
        },
        {
            "file_path": "./train/image_0002",
            "rotation": 0.012566370614359171,
            "transform_matrix": [
                [
                    0.9905688378398554,
                    -0.11510705211978707,
                    0.07432189484190335,
                    0.13298482031725167
                ],
                [
                    0.11535710507745313,
                    0.9933236462955265,
                    0.0009338192057792732,
                    -1.646558789864903
                ],
                [
                    -0.0739331847599422,
                    0.007648546427411555,
                    0.9972338662163455,
                    0.7308266792127169
                ],
                [
                    0.0,
                    0.0,
                    0.0,
                    1.0
                ]
            ]
        },
        {
            "file_path": "./train/image_0003",
            "rotation": 0.012566370614359171,
            "transform_matrix": [
                [
                    0.9945801154500399,
                    -0.08628525333462071,
                    0.05801076631424367,
                    0.09267870092330294
                ],
                [
                    0.08647559007369456,
                    0.996253669101057,
                    -0.0007740310640291272,
                    -1.7041086724119408
                ],
                [
                    -0.05772665132148063,
                    0.005786351152675431,
                    0.9983156574288246,
                    0.7524631038551062
                ],
                [
                    0.0,
                    0.0,
                    0.0,
                    1.0
                ]
            ]
        },
        {
            "file_path": "./train/image_0004",
            "rotation": 0.012566370614359171,
            "transform_matrix": [
                [
                    0.9985541343366015,
                    -0.04479739868792052,
                    0.029712520426180278,
                    0.3247211541793758
                ],
                [
                    0.044896772688792004,
                    0.9989880218677724,
                    -0.002685510537365812,
                    -1.7078417853746706
                ],
                [
                    -0.029562148119032627,
                    0.004015623925476445,
                    0.999554878014748,
                    0.8718783544620973
                ],
                [
                    0.0,
                    0.0,
                    0.0,
                    1.0
                ]
            ]
        },
        {
            "file_path": "./train/image_0005",
            "rotation": 0.012566370614359171,
            "transform_matrix": [
                [
                    0.9999989959647639,
                    0.0009695058750219632,
                    0.0010335026957545251,
                    0.45218454393031154
                ],
                [
                    -0.0009633770457272335,
                    0.9999820466298455,
                    -0.005914247429151972,
                    -1.7997253808117009
                ],
                [
                    -0.0010392180385269691,
                    0.005913245838265371,
                    0.999981976612341,
                    1.0595168230910932
                ],
                [
                    0.0,
                    0.0,
                    0.0,
                    1.0
                ]
            ]
        },
        {
            "file_path": "./train/image_0006",
            "rotation": 0.012566370614359171,
            "transform_matrix": [
                [
                    0.9975071738638395,
                    0.061236050245818664,
                    -0.03506542799492728,
                    0.3929633589929998
                ],
                [
                    -0.06153459335051759,
                    0.9980767880959961,
                    -0.007497925390835849,
                    -2.09391018061453
                ],
                [
                    0.03453884641041582,
                    0.009636971218784297,
                    0.9993568916430036,
                    1.255184064515838
                ],
                [
                    0.0,
                    0.0,
                    0.0,
                    1.0
                ]
            ]
        },
        {
            "file_path": "./train/image_0007",
            "rotation": 0.012566370614359171,
            "transform_matrix": [
                [
                    0.9903378381020249,
                    0.11906865980944525,
                    -0.07108882243074587,
                    0.4326935072333445
                ],
                [
                    -0.11996680907134519,
                    0.9927416349783791,
                    -0.008485923738418617,
                    -2.2954298335317476
                ],
                [
                    0.06956242624180765,
                    0.016932230557060196,
                    0.9974338917560981,
                    1.3429171267037165
                ],
                [
                    0.0,
                    0.0,
                    0.0,
                    1.0
                ]
            ]
        },
        {
            "file_path": "./train/image_0008",
            "rotation": 0.012566370614359171,
            "transform_matrix": [
                [
                    0.9745835674231814,
                    0.19151524097925465,
                    -0.1162272884539735,
                    0.3100103327720597
                ],
                [
                    -0.19387879564075916,
                    0.9809816326537835,
                    -0.009276259850078072,
                    -2.3115474091032637
                ],
                [
                    0.11224029004592727,
                    0.03157449712308101,
                    0.9931793233962488,
                    1.433228502178544
                ],
                [
                    0.0,
                    0.0,
                    0.0,
                    1.0
                ]
            ]
        },
        {
            "file_path": "./train/image_0009",
            "rotation": 0.012566370614359171,
            "transform_matrix": [
                [
                    0.9531334401150598,
                    0.25904655471021276,
                    -0.15630587905514196,
                    0.19077306862917948
                ],
                [
                    -0.2633290371469392,
                    0.964680852599526,
                    -0.006976447743505122,
                    -2.0552815203690793
                ],
                [
                    0.1489780639211619,
                    0.04780936226954645,
                    0.9876840594793872,
                    1.587265434919146
                ],
                [
                    0.0,
                    0.0,
                    0.0,
                    1.0
                ]
            ]
        },
        {
            "file_path": "./train/image_0010",
            "rotation": 0.012566370614359171,
            "transform_matrix": [
                [
                    0.9199760131133533,
                    0.33571092332963626,
                    -0.20234206496233664,
                    0.28278491055766614
                ],
                [
                    -0.3429174846995484,
                    0.9393653406026289,
                    -0.0005962900655657605,
                    -1.8289195267179088
                ],
                [
                    0.1898729416831012,
                    0.06993520452297539,
                    0.9793147263188354,
                    1.8219118257962978
                ],
                [
                    0.0,
                    0.0,
                    0.0,
                    1.0
                ]
            ]
        },
        {
            "file_path": "./train/image_0011",
            "rotation": 0.012566370614359171,
            "transform_matrix": [
                [
                    0.8847989237284507,
                    0.4002741063269841,
                    -0.23856132203923938,
                    0.41963373877073845
                ],
                [
                    -0.409407738693212,
                    0.9122697279950603,
                    0.012216664108071797,
                    -1.7314214283102705
                ],
                [
                    0.2225222866750343,
                    0.08685956014137419,
                    0.9710505902088526,
                    1.8665023438565673
                ],
                [
                    0.0,
                    0.0,
                    0.0,
                    1.0
                ]
            ]
        },
        {
            "file_path": "./train/image_0012",
            "rotation": 0.012566370614359171,
            "transform_matrix": [
                [
                    0.8358115243579043,
                    0.4720606068639878,
                    -0.2803174614570417,
                    0.4698861717780547
                ],
                [
                    -0.4825845010608954,
                    0.8751547589832159,
                    0.03487616901031505,
                    -1.8223971800663123
                ],
                [
                    0.2617848259283246,
                    0.1061269582916279,
                    0.9592735655887971,
                    1.815007906813601
                ],
                [
                    0.0,
                    0.0,
                    0.0,
                    1.0
                ]
            ]
        },
        {
            "file_path": "./train/image_0013",
            "rotation": 0.012566370614359171,
            "transform_matrix": [
                [
                    0.7874853264739564,
                    0.5316125106670905,
                    -0.31185733772101504,
                    0.4804511189283285
                ],
                [
                    -0.5420750367380681,
                    0.838184877531138,
                    0.06000637985692492,
                    -2.0780232060327
                ],
                [
                    0.29329424667665865,
                    0.12179593417000456,
                    0.948232163178421,
                    1.7592568551681294
                ],
                [
                    0.0,
                    0.0,
                    0.0,
                    1.0
                ]
            ]
        },
        {
            "file_path": "./train/image_0014",
            "rotation": 0.012566370614359171,
            "transform_matrix": [
                [
                    0.7236709377070354,
                    0.595508230858227,
                    -0.34881273041321875,
                    0.42740152006554166
                ],
                [
                    -0.6055522826112841,
                    0.7903523387234539,
                    0.09300329939647523,
                    -2.18973892708844
                ],
                [
                    0.33106918754617404,
                    0.14392056022150368,
                    0.9325663865929572,
                    1.7942249418741953
                ],
                [
                    0.0,
                    0.0,
                    0.0,
                    1.0
                ]
            ]
        },
        {
            "file_path": "./train/image_0015",
            "rotation": 0.012566370614359171,
            "transform_matrix": [
                [
                    0.6612862081859524,
                    0.6485013708576143,
                    -0.37702323914957897,
                    0.41337377689926214
                ],
                [
                    -0.6575239410773283,
                    0.7430294614741452,
                    0.12477774758177135,
                    -2.1291658143761447
                ],
                [
                    0.3610579147078535,
                    0.16538800251903774,
                    0.9177603123090361,
                    1.8204888135080695
                ],
                [
                    0.0,
                    0.0,
                    0.0,
                    1.0
                ]
            ]
        },
        {
            "file_path": "./train/image_0016",
            "rotation": 0.012566370614359171,
            "transform_matrix": [
                [
                    0.584203950369428,
                    0.7038970481872435,
                    -0.4040231304344354,
                    0.4098705618370224
                ],
                [
                    -0.7100631441770253,
                    0.6843834818598508,
                    0.16561878226464727,
                    -2.0539632537845205
                ],
                [
                    0.3930853287190864,
                    0.1901267874621385,
                    0.8996308848828696,
                    1.849116081548332
                ],
                [
                    0.0,
                    0.0,
                    0.0,
                    1.0
                ]
            ]
        },
        {
            "file_path": "./train/image_0017",
            "rotation": 0.012566370614359171,
            "transform_matrix": [
                [
                    0.510705710323776,
                    0.7471154165045824,
                    -0.4254388697144069,
                    0.41949384745827545
                ],
                [
                    -0.7499043791472586,
                    0.6291150823179479,
                    0.2045913862699175,
                    -2.0915364271456136
                ],
                [
                    0.420503388307933,
                    0.2145524822071895,
                    0.8815577875558025,
                    1.864345891558054
                ],
                [
                    0.0,
                    0.0,
                    0.0,
                    1.0
                ]
            ]
        },
        {
            "file_path": "./train/image_0018",
            "rotation": 0.012566370614359171,
            "transform_matrix": [
                [
                    0.41941593653672354,
                    0.7908363827963222,
                    -0.4457219849016338,
                    0.25511080647039713
                ],
                [
                    -0.7889828490539433,
                    0.5604047342655629,
                    0.2518979906856472,
                    -2.1332392970993586
                ],
                [
                    0.4489948062926182,
                    0.24601696985853008,
                    0.8589990188957619,
                    1.8883692527408171
                ],
                [
                    0.0,
                    0.0,
                    0.0,
                    1.0
                ]
            ]
        },
        {
            "file_path": "./train/image_0019",
            "rotation": 0.012566370614359171,
            "transform_matrix": [
                [
                    0.3351005339505883,
                    0.822511698018851,
                    -0.45954557855361555,
                    0.11702081951314852
                ],
                [
                    -0.8161331751541953,
                    0.49711307801343535,
                    0.2946272697506801,
                    -2.2185199720514595
                ],
                [
                    0.47078049296754265,
                    0.276320636743177,
                    0.837861941581716,
                    1.9439789362817634
                ],
                [
                    0.0,
                    0.0,
                    0.0,
                    1.0
                ]
            ]
        },
        {
            "file_path": "./train/image_0020",
            "rotation": 0.012566370614359171,
            "transform_matrix": [
                [
                    0.23325311666917176,
                    0.8510186309100259,
                    -0.47048939776379983,
                    0.01651673475722591
                ],
                [
                    -0.8384914277966081,
                    0.42105219988176895,
                    0.3459005210842109,
                    -2.2764203624953896
                ],
                [
                    0.4924683838336461,
                    0.313818952293752,
                    0.8117835648160959,
                    2.0662138116804485
                ],
                [
                    0.0,
                    0.0,
                    0.0,
                    1.0
                ]
            ]
        },
        {
            "file_path": "./train/image_0021",
            "rotation": 0.012566370614359171,
            "transform_matrix": [
                [
                    0.1424043122757916,
                    0.8686387060648547,
                    -0.47453957703360644,
                    -0.03708585385780984
                ],
                [
                    -0.8504174085379091,
                    0.35268674597796984,
                    0.39038735951249526,
                    -2.269009408529411
                ],
                [
                    0.5064693900927538,
                    0.34796387389705596,
                    0.7889295908771758,
                    2.1837918107173433
                ],
                [
                    0.0,
                    0.0,
                    0.0,
                    1.0
                ]
            ]
        },
        {
            "file_path": "./train/image_0022",
            "rotation": 0.012566370614359171,
            "transform_matrix": [
                [
                    0.03317141545597463,
                    0.8788302710761102,
                    -0.47598005403266397,
                    -0.04282409365167155
                ],
                [
                    -0.8537067520623465,
                    0.27255235985797016,
                    0.4437341463297714,
                    -2.3110411889509503
                ],
                [
                    0.5196964870766461,
                    0.3916280962547787,
                    0.7593042838968126,
                    2.220366995378828
                ],
                [
                    0.0,
                    0.0,
                    0.0,
                    1.0
                ]
            ]
        },
        {
            "file_path": "./train/image_0023",
            "rotation": 0.012566370614359171,
            "transform_matrix": [
                [
                    -0.061502905030991206,
                    0.8805848252294444,
                    -0.4698805787095035,
                    -0.0889316134614722
                ],
                [
                    -0.8490346809342579,
                    0.20134671822683803,
                    0.4884665900858987,
                    -2.333829137808869
                ],
                [
                    0.5247451793428998,
                    0.4289870215226928,
                    0.7352636480348236,
                    2.2167533870785285
                ],
                [
                    0.0,
                    0.0,
                    0.0,
                    1.0
                ]
            ]
        },
        {
            "file_path": "./train/image_0024",
            "rotation": 0.012566370614359171,
            "transform_matrix": [
                [
                    -0.17221945536151034,
                    0.8720278836277542,
                    -0.4581569920569641,
                    -0.10480395286903786
                ],
                [
                    -0.8332386821513238,
                    0.11911644681862543,
                    0.5399301535050911,
                    -2.329684585670988
                ],
                [
                    0.5254081820467876,
                    0.4747406052498626,
                    0.7060931949574958,
                    2.2005886481976815
                ],
                [
                    0.0,
                    0.0,
                    0.0,
                    1.0
                ]
            ]
        },
        {
            "file_path": "./train/image_0025",
            "rotation": 0.012566370614359171,
            "transform_matrix": [
                [
                    -0.267986722355358,
                    0.8549955778577607,
                    -0.44403342045943656,
                    -0.042995890185614796
                ],
                [
                    -0.8102931504912794,
                    0.04929221997373484,
                    0.5839480176496692,
                    -2.3371463271029507
                ],
                [
                    0.521160365826249,
                    0.5162875544633392,
                    0.6795873999700963,
                    2.2023426304375513
                ],
                [
                    0.0,
                    0.0,
                    0.0,
                    1.0
                ]
            ]
        },
        {
            "file_path": "./train/image_0026",
            "rotation": 0.012566370614359171,
            "transform_matrix": [
                [
                    -0.3721234443971427,
                    0.8270026948859918,
                    -0.42141509795131193,
                    -0.008211430560450646
                ],
                [
                    -0.7750684519154033,
                    -0.027065083149816316,
                    0.631297375346638,
                    -2.372644210906542
                ],
                [
                    0.5106789960194827,
                    0.5615461013357681,
                    0.6510552504197569,
                    2.1684416823746893
                ],
                [
                    0.0,
                    0.0,
                    0.0,
                    1.0
                ]
            ]
        },
        {
            "file_path": "./train/image_0027",
            "rotation": 0.012566370614359171,
            "transform_matrix": [
                [
                    -0.45996219465821964,
                    0.794380950188152,
                    -0.39672873032257616,
                    -0.10175797498879577
                ],
                [
                    -0.7350057288148075,
                    -0.0899385932497635,
                    0.6720696601198924,
                    -2.4995988833649387
                ],
                [
                    0.498198111291691,
                    0.6007245254044676,
                    0.6252429019852759,
                    2.054288789599984
                ],
                [
                    0.0,
                    0.0,
                    0.0,
                    1.0
                ]
            ]
        },
        {
            "file_path": "./train/image_0028",
            "rotation": 0.012566370614359171,
            "transform_matrix": [
                [
                    -0.5503312657577586,
                    0.7529503298316151,
                    -0.3608341706877627,
                    -0.31620343738878426
                ],
                [
                    -0.6816960220541415,
                    -0.15565920921329734,
                    0.7148851265082038,
                    -2.618747774125077
                ],
                [
                    0.4821058301296748,
                    0.639402855321708,
                    0.5989473742837714,
                    2.071962522353828
                ],
                [
                    0.0,
                    0.0,
                    0.0,
                    1.0
                ]
            ]
        },
        {
            "file_path": "./train/image_0029",
            "rotation": 0.012566370614359171,
            "transform_matrix": [
                [
                    -0.623409431279762,
                    0.7111574547459044,
                    -0.3249857774592157,
                    -0.5914264564401766
                ],
                [
                    -0.6298917480481468,
                    -0.21052907508519578,
                    0.7476054402454694,
                    -2.648752642919199
                ],
                [
                    0.46324622689482736,
                    0.6707701417796555,
                    0.5791980232740848,
                    2.0574958309463476
                ],
                [
                    0.0,
                    0.0,
                    0.0,
                    1.0
                ]
            ]
        },
        {
            "file_path": "./train/image_0030",
            "rotation": 0.012566370614359171,
            "transform_matrix": [
                [
                    -0.6997240346743577,
                    0.6567352878853306,
                    -0.2812206197013483,
                    -0.766313587961981
                ],
                [
                    -0.5634619378841635,
                    -0.26532341815421623,
                    0.7823772289214366,
                    -2.728668836444752
                ],
                [
                    0.4392003185960382,
                    0.7059052666081582,
                    0.5556985106332424,
                    2.073100632350374
                ],
                [
                    0.0,
                    0.0,
                    0.0,
                    1.0
                ]
            ]
        },
        {
            "file_path": "./train/image_0031",
            "rotation": 0.012566370614359171,
            "transform_matrix": [
                [
                    -0.7610315309912222,
                    0.601970298923555,
                    -0.2417907526168907,
                    -0.6520787693689367
                ],
                [
                    -0.5003349013681045,
                    -0.30742602755254944,
                    0.8094159771441558,
                    -2.7206364784335633
                ],
                [
                    0.4129116071390169,
                    0.7369674326570648,
                    0.5351476505533117,
                    2.1794992843354466
                ],
                [
                    0.0,
                    0.0,
                    0.0,
                    1.0
                ]
            ]
        },
        {
            "file_path": "./train/image_0032",
            "rotation": 0.012566370614359171,
            "transform_matrix": [
                [
                    -0.8239967905502188,
                    0.5323151197179588,
                    -0.19408735786391118,
                    -0.4398639750040348
                ],
                [
                    -0.42150717519395864,
                    -0.34699827191852095,
                    0.83780898810264,
                    -2.7012845886327117
                ],
                [
                    0.37863041402263,
                    0.772161131244778,
                    0.5103001048126841,
                    2.3304389108587924
                ],
                [
                    0.0,
                    0.0,
                    0.0,
                    1.0
                ]
            ]
        },
        {
            "file_path": "./train/image_0033",
            "rotation": 0.012566370614359171,
            "transform_matrix": [
                [
                    -0.8723933881968622,
                    0.464957403214216,
                    -0.15081243127372476,
                    -0.3877845117405028
                ],
                [
                    -0.3486739856429349,
                    -0.37570408116989346,
                    0.8586459661165111,
                    -2.6928010524134267
                ],
                [
                    0.3425729527652023,
                    0.801661435138662,
                    0.4898803072640821,
                    2.382128687435514
                ],
                [
                    0.0,
                    0.0,
                    0.0,
                    1.0
                ]
            ]
        },
        {
            "file_path": "./train/image_0034",
            "rotation": 0.012566370614359171,
            "transform_matrix": [
                [
                    -0.9140613301360331,
                    0.3919516531111013,
                    -0.10423908275412588,
                    -0.41765110482043444
                ],
                [
                    -0.27066946690459764,
                    -0.39811988997387365,
                    0.8764922092595987,
                    -2.710396709960649
                ],
                [
                    0.30204291820125084,
                    0.8293819716093823,
                    0.46999534118308756,
                    2.3736060473951373
                ],
                [
                    0.0,
                    0.0,
                    0.0,
                    1.0
                ]
            ]
        },
        {
            "file_path": "./train/image_0035",
            "rotation": 0.012566370614359171,
            "transform_matrix": [
                [
                    -0.952895845971699,
                    0.2991629583618768,
                    -0.04991023015425637,
                    -0.4683050505103687
                ],
                [
                    -0.17745680347109433,
                    -0.4164786219509539,
                    0.8916583652720679,
                    -2.727344498707259
                ],
                [
                    0.24596461052700702,
                    0.8585144621973498,
                    0.44994925110093625,
                    2.3648271355571193
                ],
                [
                    0.0,
                    0.0,
                    0.0,
                    1.0
                ]
            ]
        },
        {
            "file_path": "./train/image_0036",
            "rotation": 0.012566370614359171,
            "transform_matrix": [
                [
                    -0.9772859096010416,
                    0.21192343752676351,
                    -0.0008411433318994826,
                    -0.5549510671188185
                ],
                [
                    -0.09211092821080424,
                    -0.4211887250260885,
                    0.9022835667433172,
                    -2.711300567953733
                ],
                [
                    0.19086075500062577,
                    0.8818664947358744,
                    0.4311422707910385,
                    2.4454894072782203
                ],
                [
                    0.0,
                    0.0,
                    0.0,
                    1.0
                ]
            ]
        },
        {
            "file_path": "./train/image_0037",
            "rotation": 0.012566370614359171,
            "transform_matrix": [
                [
                    -0.9927209108441115,
                    0.10717990382262974,
                    0.05493324484689814,
                    -0.6818227505051933
                ],
                [
                    0.005000415228324263,
                    -0.4190413278207524,
                    0.9079533916593765,
                    -2.7247465352448144
                ],
                [
                    0.12033365705562914,
                    0.9016190070061703,
                    0.4154551446122982,
                    2.5023353706637095
                ],
                [
                    0.0,
                    0.0,
                    0.0,
                    1.0
                ]
            ]
        },
        {
            "file_path": "./train/image_0038",
            "rotation": 0.012566370614359171,
            "transform_matrix": [
                [
                    -0.9943973028415843,
                    0.016503541286512206,
                    0.10441090568703724,
                    -0.7987970887036642
                ],
                [
                    0.0885917101892483,
                    -0.40873491113309124,
                    0.9083431517365939,
                    -2.8017457878356367
                ],
                [
                    0.05766726096432222,
                    0.9125039208387156,
                    0.4049828162611895,
                    2.487484828987121
                ],
                [
                    0.0,
                    0.0,
                    0.0,
                    1.0
                ]
            ]
        },
        {
            "file_path": "./train/image_0039",
            "rotation": 0.012566370614359171,
            "transform_matrix": [
                [
                    -0.9833766598045048,
                    -0.08674511926958833,
                    0.15951686191321604,
                    -0.9752615806371874
                ],
                [
                    0.18081816534323786,
                    -0.3875729117579037,
                    0.9039314294532553,
                    -2.8905836778218363
                ],
                [
                    -0.01658722501326354,
                    0.9177486161005121,
                    0.3968152487140007,
                    2.530774512384902
                ],
                [
                    0.0,
                    0.0,
                    0.0,
                    1.0
                ]
            ]
        },
        {
            "file_path": "./train/image_0040",
            "rotation": 0.012566370614359171,
            "transform_matrix": [
                [
                    -0.9631333726314815,
                    -0.1734366168521475,
                    0.20565467769634965,
                    -1.0208271140188396
                ],
                [
                    0.2565191424778581,
                    -0.3616982807707395,
                    0.8963103721534834,
                    -2.8299758265101325
                ],
                [
                    -0.0810680952405592,
                    0.9160207932259906,
                    0.3928534972629045,
                    2.576129518181253
                ],
                [
                    0.0,
                    0.0,
                    0.0,
                    1.0
                ]
            ]
        },
        {
            "file_path": "./train/image_0041",
            "rotation": 0.012566370614359171,
            "transform_matrix": [
                [
                    -0.9292285400584006,
                    -0.26716657469774174,
                    0.25525740284115145,
                    -1.0908537401952603
                ],
                [
                    0.3363062138123132,
                    -0.32531776010135577,
                    0.8837796589161032,
                    -2.721067778927725
                ],
                [
                    -0.15307661771858094,
                    0.9070779328849937,
                    0.39214432646785374,
                    2.7101567933178434
                ],
                [
                    0.0,
                    0.0,
                    0.0,
                    1.0
                ]
            ]
        },
        {
            "file_path": "./train/image_0042",
            "rotation": 0.012566370614359171,
            "transform_matrix": [
                [
                    -0.8917955983699679,
                    -0.3426428460264806,
                    0.29545979556417573,
                    -1.0901754947086895
                ],
                [
                    0.3989784779913658,
                    -0.28763693892293846,
                    0.8706785661004497,
                    -2.687449759825419
                ],
                [
                    -0.21334663069203658,
                    0.8943494123852911,
                    0.3932204772623629,
                    2.804007062050866
                ],
                [
                    0.0,
                    0.0,
                    0.0,
                    1.0
                ]
            ]
        },
        {
            "file_path": "./train/image_0043",
            "rotation": 0.012566370614359171,
            "transform_matrix": [
                [
                    -0.8413213077579973,
                    -0.421331110336163,
                    0.3386126881486713,
                    -1.0466174102365595
                ],
                [
                    0.4636063834355031,
                    -0.24034850582133932,
                    0.8528198619798338,
                    -2.7210405793203134
                ],
                [
                    -0.2779344857160163,
                    0.8744785253008479,
                    0.3975421115271032,
                    2.9109435160066983
                ],
                [
                    0.0,
                    0.0,
                    0.0,
                    1.0
                ]
            ]
        },
        {
            "file_path": "./train/image_0044",
            "rotation": 0.012566370614359171,
            "transform_matrix": [
                [
                    -0.7896391876550637,
                    -0.48713230812441477,
                    0.3730577270354164,
                    -1.1187250647060523
                ],
                [
                    0.5135452503562326,
                    -0.19198937953336867,
                    0.8363081692671348,
                    -2.7776418277797728
                ],
                [
                    -0.3357696072547447,
                    0.8519637272371239,
                    0.40176682082549087,
                    3.0411349650168136
                ],
                [
                    0.0,
                    0.0,
                    0.0,
                    1.0
                ]
            ]
        },
        {
            "file_path": "./train/image_0045",
            "rotation": 0.012566370614359171,
            "transform_matrix": [
                [
                    -0.7233127230741083,
                    -0.5553963255216815,
                    0.4103091837092278,
                    -1.0748750013945685
                ],
                [
                    0.5644295737633703,
                    -0.13323335137300907,
                    0.8146582905385648,
                    -2.653317796357189
                ],
                [
                    -0.39779135347618916,
                    0.8208433441765431,
                    0.4098514894698454,
